15-3-7 下午10:33
项目统计

     	  片段	   词汇	字符（无空白）	字符（含空白）	#Files	
总共：  	1563	10128	  64081	  72047	     4	
剩余：  	 286	 2613	  16276	  18379	     2	
独特：  	1063	 9441	  58124	  65818	     4	
剩余独特：	 270	 2592	  16122	  18222	     2	


单文件统计：

文件名                          	总片段	剩余片段	独特片段	剩余独特片段	总计词汇	剩余词汇	独特词汇	剩余独特词汇	总字符（无空白）	剩余字符（无空白）	独特字符（无空白）	剩余独特字符（无空白）	总字符（含空白）	剩余字符（含空白）	独特字符（含空白）	剩余独特字符（含空白）	
controller.rst               	577	   0	 390	     0	3480	   0	3247	     0	   22663	        0	    20451	          0	   25287	        0	    22994	          0	
from_flat_php_to_symfony2.rst	552	   0	 353	     0	3266	   0	2967	     0	   20210	        0	    17837	          0	   22836	        0	    20314	          0	
http_fundamentals.rst        	378	 242	 290	   240	3268	2499	3127	  2492	   20165	    15257	    18936	      15222	   22834	    17313	    21563	      17275	
index.rst                    	 56	  44	  30	    30	 114	 114	 100	   100	    1043	     1019	      900	        900	    1090	     1066	      947	        947	
